1 example_1 n 0.2 500  l 0.1 h 0.5 s ()
site: 0.1 with h: 0.500000000000006 s: 0.0187825238752677
lnl:	-152610903.892443
1 example_2 n 0.2 500  l 0.1 h 0.5 s ()  l 0.11 h 0.5 s ()
site: 0.1 with h: 0.5 s: 0.0103159310716807
site: 0.11 with h: 0.499999999999995 s: 0.0106901337999522
lnl:	-152610682.67612
