site: 0.1 with h: 0.499999999999997 s: 0.0190034947443886
lnl:	-152610903.906793
site: 0.1 with h: 0.499999999999995 s: 0.010574353484469
site: 0.11 with h: 0.499999999999985 s: 0.010886568046543
lnl:	-152610682.868214
